0.008832628
0.009323329
0.009814031
0.010304732
0.010795434
0.011286136
0.011776837
0.012267539
0.01275824
0.013248942
0.013739643
0.014230345
0.014721046
0.015211748
0.015702449
0.016193151
0.016683852
0.017174554
0.017665256
0.018155957
0.018646659
0.01913736
0.019628062
0.020118763
0.020609465
0.021100166
0.021590868
0.022081569
0.022572271
0.023062973
0.023553674
0.024044376
0.024535077
0.025025779
0.02551648
0.026007182
0.026497883
0.026988585
0.027479286
0.027969988
0.028460689
0.028951391
0.029442093
0.029932794
0.030423496
0.030914197
0.031404899
0.0318956
0.032386302
0.032877003
0.033367705
0.033858406
0.034349108
0.03483981
0.035330511
0.035821213
0.036311914
0.036802616
0.037293317
0.037784019
0.03827472
0.038765422
0.039256123
0.039746825
0.040237527
0.040728228
0.04121893
0.041709631
0.042200333
0.042691034
0.043181736
0.043672437
0.044163139
0.04465384
0.045144542
0.045635244
0.046125945
0.046616647
0.047107348
0.04759805
0.048088751
0.048579453
0.049070154
0.049560856
0.050051557
0.050542259
0.051032961
0.051523662
0.052014364
0.052505065
0.052995767
