0.022081569
0.022425061
0.022768552
0.023112043
0.023455534
0.023799025
0.024142516
0.024486007
0.024829498
0.025172989
0.02551648
0.025859971
0.026203462
0.026546953
0.026890445
0.027233936
0.027577427
0.027920918
0.028264409
0.0286079
0.028951391
0.029294882
0.029638373
0.029981864
0.030325355
0.030668846
0.031012338
0.031355829
0.03169932
0.032042811
0.032386302
0.032729793
0.033073284
0.033416775
0.033760266
0.034103757
0.034447248
0.034790739
0.03513423
0.035477722
0.035821213
0.036164704
0.036508195
0.036851686
0.037195177
0.037538668
0.037882159
0.03822565
0.038569141
0.038912632
0.039256123
0.039599615
0.039943106
0.040286597
0.040630088
0.040973579
0.04131707
0.041660561
0.042004052
0.042347543
0.042691034
0.043034525
0.043378016
0.043721508
0.044064999
0.04440849
0.044751981
0.045095472
0.045438963
0.045782454
0.046125945
0.046469436
0.046812927
0.047156418
0.047499909
0.0478434
0.048186892
0.048530383
0.048873874
0.049217365
0.049560856
0.049904347
0.050247838
0.050591329
0.05093482
0.051278311
0.051621802
0.051965293
0.052308784
0.052652276
0.052995767
